#finding the parameters by varing single parameter as set of range
This Parameters is For :  TT 
 omegab2--: 0.02221499999999995 $ 0.00012035364556173119 
 omegacdm2: 0.1208500000000003 $ 0.0003584689665787087 
 h--------: 67.28200000000041 $ 0.061773780845953606 
 taeu_rio-: 0.05009200000000004 $ 0.00027268296609807795 
 ns-------: 0.9665799999999927 $ 0.004000949887213844 
 omegab2--: 2.0806300000001703 $ 0.001959106939402798 
 END OF TT Paramaeters with errors 
This Parameters is For :  TE 
 omegab2--: 0.022356999999999946 $ 2.3259406699225064e-05 
 omegacdm2: 0.12095000000000031 $ 0.0002872281323269097 
 h--------: 67.62300000000057 $ 0.12876723185662167 
 taeu_rio-: 0.05134000000000042 $ 0.0005905590571655079 
 ns-------: 0.9616899999999932 $ 0.0006007495318349574 
 omegab2--: 2.0694400000001467 $ 0.003936292672053921 
 END OF TE Paramaeters with errors 
This Parameters is For :  EE 
 omegab2--: 0.022583999999999937 $ 4.9839743177506414e-05 
 omegacdm2: 0.12109000000000032 $ 3.000000000000086e-05 
 h--------: 67.33100000000043 $ 0.04158124577260485 
 taeu_rio-: 0.054981000000001536 $ 0.0007352611780859446 
 ns-------: 0.9644699999999929 $ 0.0009402659198332168 
 omegab2--: 2.1150700000002427 $ 0.005398527577045708 
 END OF EE Paramaeters with errors 
#found parameters by iterating two parameters
    omb : [0.02228] +- [0.00010818]
    omc : [0.12056] +- [0.00046303]
    h   : [66.956] +- [0.31090835]
    tau : [0.05098] +- [0.00196]
    ns  : [0.96868] +- [0.00054918]
    as  : [2.1094] +- [0.01049057]
pairs
omb : 0.02237 & omc : 0.1197
omb : 0.02222 & h : 66.74
omb : 0.02237 & tau : 0.05
omb : 0.0221 & ns : 0.9676
omb : 0.02236 & as : 2.1159
omc : 0.1207 & h : 66.53
omc : 0.1205 & tau : 0.05
omc : 0.1209 & ns : 0.9689
omc : 0.121 & as : 2.1216
h : 67.02 & tau : 0.05
h : 67.45 & ns : 0.9688
h : 67.04 & as : 2.1153
tau : 0.0549 & ns : 0.969
tau : 0.05 & as : 2.1004
ns : 0.9691 & as : 2.0938